1 0.597197 0.252344 0.349259 0.160289
2 0.819028 0.250793 0.101045 0.161386
1 0.272164 0.253141 0.105935 0.153569
2 0.374045 0.254069 0.093566 0.141775
3 0.387282 0.291149 0.046970 0.077109
2 0.363739 0.287856 0.072590 0.082966
9 0.387086 0.292920 0.046208 0.074569
2 0.374114 0.214798 0.091343 0.074489
2 0.371421 0.237377 0.083235 0.037057
3 0.380290 0.197742 0.032266 0.047816
0 0.181190 0.251476 0.079759 0.147558
2 0.351809 0.284271 0.052202 0.090443
8 0.261476 0.290111 0.094318 0.078117
9 0.380917 0.197358 0.032559 0.048617
2 0.349912 0.222939 0.045400 0.092248