0 0.147198 0.250447 0.147406 0.176720
2 0.749899 0.249972 0.037866 0.190107
2 0.707641 0.248488 0.053407 0.184447
0 0.177377 0.249315 0.204310 0.180398
5 0.866443 0.268642 0.011663 0.178442
2 0.628467 0.233290 0.098466 0.038033
5 0.860832 0.254495 0.019763 0.199812
2 0.809331 0.255543 0.077773 0.175554
3 0.800621 0.201548 0.059441 0.066528
2 0.791229 0.291652 0.076135 0.105380
2 0.545657 0.184386 0.185472 0.060388
2 0.578624 0.183146 0.257324 0.059044
5 0.854780 0.255049 0.030566 0.187997
2 0.790255 0.254873 0.111776 0.176226
1 0.308739 0.252815 0.183358 0.193883
