7 0.39425 0.29333333333333333 0.0755 0.08888888888888889
7 0.3925 0.1991111111111111 0.077 0.08888888888888889
5 0.0805 0.24622222222222223 0.015 0.20622222222222222
5 0.8595 0.24533333333333332 0.022 0.20266666666666666
3 0.82375 0.3035555555555556 0.0475 0.072
8 0.803 0.18844444444444444 0.087 0.07288888888888889
2 0.32375 0.24622222222222223 0.0655 0.17777777777777778
2 0.6155 0.24933333333333332 0.057 0.16977777777777778
1 0.70275 0.24888888888888888 0.1125 0.18488888888888888
1 0.78025 0.3035555555555556 0.0395 0.08266666666666667
1 0.50925 0.24622222222222223 0.1535 0.18133333333333335
1 0.1905 0.24711111111111111 0.199 0.18133333333333335
2 0.80425 0.24755555555555556 0.0875 0.04
