9 0.43425 0.20755555555555555 0.1335 0.152
1 0.1995 0.2511111111111111 0.215 0.24266666666666667
1 0.6515 0.25377777777777777 0.19 0.23733333333333334
3 0.78975 0.17866666666666667 0.0845 0.09066666666666667
2 0.3375 0.24844444444444444 0.06 0.24444444444444444
5 0.08175 0.2528888888888889 0.0215 0.248
5 0.85225 0.2551111111111111 0.0405 0.24533333333333332
2 0.46275 0.3288888888888889 0.1875 0.09066666666666667
2 0.529 0.2071111111111111 0.053 0.15288888888888888
2 0.79025 0.2991111111111111 0.0835 0.1448888888888889
