0 0.154 0.228 0.16 0.16444444444444445
1 0.48375 0.2368888888888889 0.1655 0.15911111111111112
1 0.48775 0.4328888888888889 0.2355 0.15288888888888888
1 0.34425 0.4328888888888889 0.0505 0.14755555555555555
1 0.632 0.42933333333333334 0.051 0.14222222222222222
2 0.3175 0.23066666666666666 0.166 0.16977777777777778
2 0.7115 0.23377777777777778 0.288 0.15644444444444444
5 0.86475 0.23422222222222222 0.0155 0.15733333333333333
2 0.28625 0.4315555555555556 0.0645 0.1537777777777778
2 0.69 0.4328888888888889 0.064 0.14933333333333335
