5 0.08425 0.24355555555555555 0.0235 0.1671111111111111
2 0.268 0.25022222222222223 0.162 0.15555555555555556
2 0.24 0.45422222222222225 0.076 0.15644444444444444
2 0.69975 0.4573333333333333 0.0625 0.1431111111111111
2 0.69425 0.2457777777777778 0.1395 0.1537777777777778
5 0.862 0.24355555555555555 0.014 0.1582222222222222
1 0.4735 0.4528888888888889 0.388 0.15022222222222223
1 0.1415 0.244 0.089 0.16266666666666665
1 0.48725 0.25333333333333335 0.2735 0.15466666666666667
1 0.8095 0.24488888888888888 0.091 0.16266666666666665
