5 0.082750 0.241333 0.016500 0.160889
1 0.137500 0.242667 0.091000 0.158222
9 0.406750 0.270667 0.085500 0.104000
1 0.535750 0.242222 0.172500 0.160889
1 0.803500 0.242222 0.087000 0.159111
5 0.860000 0.241778 0.022000 0.161778
1 0.482000 0.435556 0.273000 0.142222
1 0.319500 0.436889 0.051000 0.141333
1 0.643750 0.436444 0.048500 0.140444
10 0.690750 0.241333 0.136500 0.159111
10 0.699000 0.437333 0.059000 0.138667
10 0.264250 0.435111 0.058500 0.144889
10 0.254750 0.242667 0.139500 0.158222
10 0.386750 0.191111 0.123500 0.053333
