5 0.917250 0.241333 0.016500 0.160889
1 0.862500 0.242667 0.091000 0.158222
9 0.593250 0.270667 0.085500 0.104000
1 0.464250 0.242222 0.172500 0.160889
1 0.196500 0.242222 0.087000 0.159111
5 0.140000 0.241778 0.022000 0.161778
1 0.518000 0.435556 0.273000 0.142222
1 0.680500 0.436889 0.051000 0.141333
1 0.356250 0.436444 0.048500 0.140444
10 0.309250 0.241333 0.136500 0.159111
10 0.301000 0.437333 0.059000 0.138667
10 0.735750 0.435111 0.058500 0.144889
10 0.745250 0.242667 0.139500 0.158222
10 0.613250 0.191111 0.123500 0.053333